0.000000000000000000e+00 1.785691403626475382e-01
4.128312660278831044e-03 3.125922657942220573e-01
1.967930246505685682e-02 4.477093791791388888e-01
4.809872459717805249e-02 5.800726935758775404e-01
1.002834450314532416e-01 7.034952704766133103e-01
1.799978317013498919e-01 8.120866195139515575e-01
2.762730984094763365e-01 9.046780469889301735e-01
3.846372774575518294e-01 9.800628617297918455e-01
5.073561315092928181e-01 1.000000000000000000e+00
6.301411421420837211e-01 9.761118030854253336e-01
7.386776958374504654e-01 8.992138746957678563e-01
8.354747308130899830e-01 8.051328784346004630e-01
9.143446688207816919e-01 6.945623360330593909e-01
9.643504236915537708e-01 5.682620612417821349e-01
9.887058019430171596e-01 4.324440301890599692e-01
9.993123056812273086e-01 2.952929663675377681e-01
1.000000000000000000e+00 1.590971657973415943e-01
9.485531426251270215e-02 7.603312965726669037e-02
1.553487416187150361e-01 2.492464583768473629e-02
2.377474148585058122e-01 1.139098078075951800e-02
3.231340433989343675e-01 2.415777541352827698e-02
4.036699244021564881e-01 5.780070389979089646e-02
5.686465284864515857e-01 5.211570522232347041e-02
6.512816446786665603e-01 1.543964543336787815e-02
7.379607990682547358e-01 0.000000000000000000e+00
8.229092572026787122e-01 1.191543072111620784e-02
8.873976232128941710e-01 6.025707088440424020e-02
4.889331274827877771e-01 1.551318920269919854e-01
4.899153856493060899e-01 2.434301818235051762e-01
4.909215002798999472e-01 3.317651798928433760e-01
4.920935409617534506e-01 4.221070212731056759e-01
3.973990155917446199e-01 4.800466534328027834e-01
4.442625333371323371e-01 4.990677811981346079e-01
4.949509038396469607e-01 5.144413551330488943e-01
5.455826737117077663e-01 4.968287801136969106e-01
5.917508791077775721e-01 4.772260874567136324e-01
1.941570106667713791e-01 1.692669179803684976e-01
2.460030879252453340e-01 1.369302544003745126e-01
3.100049691778409833e-01 1.373563349904019792e-01
3.637849569975122876e-01 1.779468638930015723e-01
3.063696316367319206e-01 1.908225111074331182e-01
2.439051558204246850e-01 1.913818542627626074e-01
6.189631524633290027e-01 1.727781219508194299e-01
6.724943180309402857e-01 1.298810446706262778e-01
7.362857010711042482e-01 1.279085008641626109e-01
7.888591331845662413e-01 1.581711470295416311e-01
7.411513505452542727e-01 1.815581165663739671e-01
6.791371738414773152e-01 1.837038881372042576e-01
3.071102512203445767e-01 6.418497312247065656e-01
3.759703309786184833e-01 6.109594821582272628e-01
4.467025751557763824e-01 5.970507786521851434e-01
4.972155973060939926e-01 6.087264521052287991e-01
5.500201096794253841e-01 5.954326969847936191e-01
6.233016208587891516e-01 6.070911358698195537e-01
6.954140316487904538e-01 6.341428938050871489e-01
6.280679686365348013e-01 7.090683462409108628e-01
5.573954324443951558e-01 7.434471025731090865e-01
5.002040036743298224e-01 7.505844528692154904e-01
4.452874925696010400e-01 7.458027423285010782e-01
3.750820953469862773e-01 7.145424928706817225e-01
3.372878429655937205e-01 6.461646835237139230e-01
4.470146471088099482e-01 6.406466362423389738e-01
4.979520737502873828e-01 6.449633527097261565e-01
5.513942954700425947e-01 6.385936870693361689e-01
6.650227675117159620e-01 6.395591621414757899e-01
5.530556275523482723e-01 6.764793387299810057e-01
4.986481211727279983e-01 6.841764732235117163e-01
4.465720662640688121e-01 6.786047545118140123e-01
